001	316	161	35	69	5	3
001	338	162	35	69	5	3
011	316	165	35	70	5	3
011	339	163	35	70	5	3
021	305	165	36	72	5	3
021	336	163	35	70	5	3
021	-17	138	159	318	5	8
031	20	137	152	303	5	8
031	300	167	37	73	5	3
031	324	164	37	74	5	3
041	66	145	140	280	5	8
041	297	167	37	74	5	3
041	325	166	38	76	5	3
041	370	166	22	44	5	3
041	391	168	22	43	5	3
051	116	145	132	263	5	8
051	298	165	39	77	5	3
051	326	166	38	76	5	3
051	373	168	23	45	5	3
051	393	167	23	45	5	3
061	154	144	121	242	5	8
061	297	168	38	76	5	3
061	330	165	41	81	5	3
061	376	166	25	49	5	3
061	395	167	23	46	5	3
071	182	150	115	230	5	8
071	295	170	41	81	5	3
071	330	168	43	85	5	3
071	377	167	23	45	5	3
071	394	167	24	48	5	3
081	216	154	110	220	5	8
081	292	175	42	83	5	3
081	324	175	42	83	5	3
091	234	160	97	194	5	8
091	316	172	44	88	5	3
101	251	162	93	186	5	8
101	314	174	43	86	5	3
111	270	154	93	185	5	8
121	273	175	45	90	5	3
121	282	158	87	173	5	8
131	266	173	47	94	5	3
131	291	158	84	168	5	8
141	261	173	51	101	5	3
141	296	169	51	102	5	3
141	313	162	79	157	5	8
151	256	173	50	100	5	3
151	300	169	50	99	5	3
151	326	165	71	141	5	8
161	242	178	52	103	5	3
161	286	173	55	109	5	3
161	335	167	71	141	5	8
171	240	185	51	102	5	3
171	283	178	57	113	5	3
171	353	169	71	141	5	7
181	226	175	55	109	5	3
181	266	169	57	114	5	3
181	354	169	65	130	5	7
191	220	174	57	113	5	3
191	256	165	62	124	5	3
191	369	172	61	121	5	7
201	209	182	60	119	5	3
201	246	176	59	118	5	3
201	372	174	60	120	5	7
211	199	182	61	122	5	3
211	236	179	65	129	5	3
211	385	180	58	116	5	7
221	396	182	57	113	5	7
221	183	186	64	128	5	3
221	230	177	67	133	5	3
231	165	177	65	130	5	3
231	208	174	68	135	5	3
231	398	170	57	114	5	7
241	149	172	70	139	5	3
241	189	168	74	148	5	3
241	408	176	53	106	5	7
251	130	178	73	146	5	3
251	178	167	78	156	5	3
251	421	177	52	103	5	7
251	352	172	48	95	1	3
261	108	187	75	150	5	3
261	153	183	78	155	5	3
261	333	182	54	107	1	3
261	423	186	51	101	5	7
271	85	191	76	152	5	3
271	138	181	85	169	5	3
271	312	179	61	122	1	3
271	431	193	50	99	5	7
281	58	189	84	167	5	3
281	127	178	87	173	5	3
281	283	180	76	151	1	3
281	443	191	47	94	5	7
291	29	187	89	177	5	3
291	110	183	91	182	5	3
291	235	172	90	180	1	3
291	452	190	45	90	5	7
301	0	184	90	180	5	3
301	83	164	101	202	5	3
301	139	164	110	219	1	4
301	463	185	42	84	5	7
311	56	168	102	204	5	4
311	461	185	45	89	5	7
321	19	174	113	226	5	4
321	471	192	42	83	5	7
321	312	189	41	81	5	3
331	465	193	41	81	5	7
331	299	193	41	81	5	3
341	298	197	41	82	5	3
351	295	197	41	81	5	3
351	325	199	43	85	5	3
361	288	193	45	89	5	3
361	322	194	45	89	5	3
371	283	191	44	88	5	3
371	315	191	46	91	5	3
381	272	190	47	93	5	3
381	301	195	46	92	5	3
391	265	198	46	92	5	3
391	298	198	45	90	5	3
401	260	193	49	97	5	3
401	292	196	48	96	5	3
411	253	194	49	97	5	3
411	289	191	50	99	5	3
421	244	195	49	98	5	3
421	276	195	50	99	5	3
431	236	193	51	102	5	3
431	270	195	52	104	5	3
431	-7	207	137	274	5	8
441	27	195	137	273	5	8
441	222	191	53	106	5	3
441	260	197	51	101	5	3
451	71	191	129	258	5	7
451	209	186	58	116	5	3
451	242	191	58	116	5	3
461	98	192	123	245	5	7
461	200	191	58	115	5	3
461	237	197	58	115	5	3
471	124	190	113	226	5	7
471	189	193	60	119	5	3
471	223	194	59	117	5	3
481	152	199	106	212	5	7
481	210	196	60	119	5	3
491	158	193	64	127	5	3
491	174	195	100	199	5	7
501	147	191	66	132	5	3
501	185	193	64	128	5	3
501	193	188	98	195	5	7
511	130	191	71	141	5	3
511	172	191	71	141	5	3
511	221	192	91	181	5	7
521	112	190	76	152	5	3
521	157	193	74	148	5	3
521	241	198	82	163	5	7
531	102	187	79	157	5	3
531	149	189	78	156	5	3
531	263	190	83	166	5	7
541	81	193	77	153	5	3
541	132	194	79	157	5	3
541	280	194	77	154	5	7
551	54	190	85	169	5	3
551	108	188	84	167	5	3
551	294	198	72	143	5	7
561	28	190	89	178	5	3
561	93	191	90	179	5	3
561	309	198	67	134	5	7
571	-2	192	97	193	5	3
571	73	190	95	190	5	3
571	320	197	66	132	5	7
581	38	187	98	196	5	3
581	331	190	65	129	5	7
591	10	187	108	215	5	3
591	345	195	60	119	5	7
601	348	197	60	120	5	7
601	-21	188	111	221	5	3
611	358	197	58	116	5	7
621	370	203	52	103	5	7
631	379	199	54	108	5	7
641	388	203	48	96	5	7
651	394	203	47	93	5	7
661	403	202	47	94	5	7
661	321	194	45	89	5	3
661	352	197	43	86	5	3
671	315	201	44	88	5	3
671	351	200	44	87	5	3
671	409	202	50	100	5	7
681	310	205	43	86	5	3
681	346	204	44	87	5	3
681	417	211	45	90	5	7
691	305	200	46	92	5	3
691	336	202	45	89	5	3
691	426	211	42	83	5	7
701	294	201	49	98	5	3
701	328	203	46	92	5	3
701	429	206	47	93	5	7
711	287	195	49	98	5	3
711	318	193	50	99	5	3
711	429	206	41	81	5	7
721	281	196	50	100	5	3
721	312	195	50	99	5	3
721	437	205	42	84	5	7
731	268	193	53	105	5	3
731	304	191	53	106	5	3
731	444	205	41	81	5	7
741	16	189	121	242	5	7
741	259	194	52	104	5	3
741	294	193	54	107	5	3
751	48	185	126	251	5	8
751	249	191	57	114	5	3
751	286	190	57	114	5	3
761	93	182	113	225	5	8
761	237	193	57	113	5	3
761	281	190	60	120	5	3
771	128	188	104	207	5	8
771	230	187	62	124	5	3
771	267	190	61	121	5	3
781	154	182	104	208	5	8
781	222	193	62	123	5	3
781	252	195	62	123	5	3
781	397	196	43	86	1	3
791	176	188	95	190	5	8
791	205	191	66	131	5	3
791	235	196	64	127	5	3
791	387	201	43	85	1	3
801	184	195	64	127	5	3
801	197	189	92	183	5	8
801	229	189	67	133	5	3
801	373	201	44	87	1	3
811	174	189	72	143	5	3
811	207	189	70	139	5	3
811	220	186	87	173	5	8
811	352	198	47	94	5	3
821	149	186	76	151	5	3
821	197	187	75	150	5	3
821	236	191	84	167	5	7
821	325	195	52	103	1	3
831	120	186	80	160	5	3
831	178	185	82	163	5	3
831	255	194	81	161	5	7
831	305	195	55	110	1	3
841	97	193	84	168	5	4
841	160	191	82	164	5	3
841	279	196	74	147	5	7
851	55	190	85	169	5	4
851	136	186	89	177	5	3
851	249	192	67	134	1	3
851	284	200	72	144	5	7
861	9	184	94	188	5	4
861	104	183	93	185	5	3
861	224	182	78	155	1	3
861	291	188	71	141	5	7
871	72	183	103	206	5	4
871	196	186	84	167	1	3
871	301	196	64	128	5	7
881	37	181	109	218	5	4
881	177	185	93	186	1	3
881	315	202	65	130	5	7
891	-3	182	115	229	5	4
891	131	176	109	218	1	4
891	322	202	61	121	5	7
901	70	169	125	249	1	4
901	337	203	57	113	5	7
