001	8	139	99	198	4	5
001	117	149	103	205	4	5
001	161	142	113	225	4	6
001	209	116	106	212	4	4
001	241	119	116	232	4	5
001	313	77	161	322	4	5
001	468	132	125	249	4	5
001	542	146	120	240	4	5
011	19	128	99	197	4	5
011	117	136	105	210	4	5
011	163	132	112	223	4	6
011	213	105	107	213	4	4
011	248	107	115	230	4	5
011	336	75	156	312	4	5
011	547	141	122	244	4	6
021	20	126	100	199	4	5
021	114	134	105	209	4	5
021	164	128	115	229	4	6
021	200	98	111	222	4	4
021	242	104	121	241	4	5
021	330	73	157	314	4	5
031	15	124	102	204	4	5
031	112	127	107	214	4	5
031	154	138	90	179	4	5
031	171	130	111	221	4	6
031	208	103	107	214	4	4
031	249	101	120	239	4	5
031	335	69	159	318	4	5
031	445	82	245	490	5	8
031	570	107	185	370	5	8
041	21	130	101	201	4	5
041	108	134	106	211	4	5
041	161	133	109	218	4	6
041	198	102	109	218	4	4
041	242	105	119	238	4	5
041	335	68	160	319	4	6
041	453	110	120	240	4	3
041	519	76	226	452	5	8
051	22	127	96	191	4	5
051	108	130	105	210	4	5
051	163	124	112	224	4	6
051	198	97	110	219	4	5
051	241	95	121	241	4	5
051	335	65	160	320	4	5
051	445	105	120	239	4	3
051	507	127	125	250	4	6
061	21	126	98	195	4	6
061	108	132	105	209	4	5
061	158	126	113	225	4	6
061	186	98	110	219	4	5
061	240	94	121	241	4	5
061	505	128	123	245	4	6
061	560	74	212	424	5	8
071	20	129	99	198	4	6
071	105	133	104	208	4	5
071	153	128	93	186	4	5
071	335	68	161	321	4	5
071	443	114	116	232	4	4
071	497	133	120	240	4	6
071	564	134	147	294	5	8
081	13	122	100	200	4	6
081	174	96	114	228	4	5
081	233	96	119	237	4	5
081	332	63	157	314	4	6
081	440	105	119	237	4	4
081	491	124	125	250	4	6
081	568	129	144	288	5	8
091	99	134	105	210	4	5
091	144	128	113	226	4	6
091	175	101	113	226	4	4
091	223	102	117	234	4	5
091	323	67	161	321	4	6
091	434	112	119	237	4	3
091	494	132	113	225	4	6
101	2	134	100	200	4	5
101	88	140	104	207	4	5
101	137	135	113	225	4	6
101	175	107	111	221	4	5
101	217	111	116	232	4	5
101	326	76	148	295	4	6
101	430	115	122	244	4	3
101	489	141	116	232	4	6
101	575	133	141	281	5	7
111	76	141	106	212	4	4
111	127	140	109	218	4	6
111	152	111	114	227	4	5
111	198	110	117	233	4	5
111	286	122	125	249	4	5
111	320	78	151	301	4	5
111	420	118	120	240	4	3
111	475	142	116	232	4	6
111	565	139	141	282	4	7
121	121	132	104	207	4	6
121	151	106	111	222	4	5
121	195	110	118	235	4	5
121	285	118	121	242	4	5
121	300	76	157	313	4	6
121	414	120	120	239	4	3
121	465	139	118	236	4	6
121	563	136	140	280	4	7
131	83	139	103	205	4	5
131	135	134	113	225	4	6
131	171	107	112	223	4	4
131	214	106	119	237	4	5
131	298	115	121	242	4	5
131	317	75	160	320	4	6
131	432	118	118	235	4	3
131	483	139	120	240	4	6
131	582	135	141	281	4	7
141	82	142	102	203	4	6
141	142	134	112	224	4	6
141	171	107	111	222	4	4
141	215	108	117	234	4	5
141	289	117	120	240	4	5
141	317	75	161	321	4	6
141	431	117	122	244	4	3
141	481	141	120	240	4	5
141	577	135	142	283	4	7
151	86	144	103	206	4	6
151	146	134	113	226	4	6
151	176	112	110	220	4	4
151	222	111	119	237	4	5
151	298	120	120	240	4	5
151	327	79	160	319	4	6
151	438	123	121	241	4	3
151	494	144	118	235	4	5
151	591	141	144	287	4	7
161	82	144	103	206	4	5
161	144	138	110	220	4	6
161	171	112	110	220	4	4
161	220	111	118	235	4	5
161	295	120	119	237	4	5
161	326	79	159	318	4	5
161	439	120	121	242	4	4
161	496	141	117	234	4	5
161	589	142	144	287	4	7
171	90	142	105	209	4	5
171	148	140	113	225	4	6
171	172	113	112	223	4	4
171	218	112	119	238	4	5
171	299	122	118	236	4	5
171	325	82	155	310	4	6
171	438	122	122	243	4	4
171	498	146	120	239	4	5
171	591	143	139	278	4	7
171	7	137	102	203	4	5
181	9	134	102	204	4	5
181	87	144	104	207	4	5
181	148	139	112	223	4	6
181	186	114	108	216	4	5
181	226	112	118	235	4	5
181	301	118	120	240	4	5
181	329	83	156	312	4	6
181	451	124	118	235	4	4
181	491	145	120	240	4	5
181	597	138	142	284	4	7
191	15	136	100	200	4	5
191	92	144	104	207	4	5
191	155	135	115	229	4	6
191	183	113	110	220	4	4
191	229	114	119	237	4	5
191	306	122	120	240	4	5
191	334	83	155	310	4	6
191	451	123	116	232	4	4
191	500	149	117	233	4	5
191	600	142	141	281	4	7
201	23	138	101	201	4	5
201	96	143	105	209	4	5
201	159	139	112	224	4	6
201	194	112	109	217	4	4
201	231	114	117	234	4	5
201	310	121	121	242	4	5
201	335	80	160	320	4	5
201	454	124	118	236	4	4
201	504	147	120	240	4	5
201	601	147	134	268	4	7
211	23	140	101	202	4	7
211	102	147	103	206	4	5
211	167	144	111	222	4	6
211	187	112	112	224	4	4
211	227	114	122	244	4	5
211	316	123	124	247	4	5
211	333	81	158	316	4	6
211	450	128	118	236	4	4
211	500	151	120	240	4	5
221	21	135	104	207	4	5
221	96	141	105	210	4	5
221	164	141	114	227	4	6
221	186	112	111	221	4	4
221	232	114	117	233	4	5
221	322	80	158	316	4	6
221	449	128	117	233	4	3
221	501	145	119	238	4	5
231	15	135	102	203	4	5
231	94	144	105	209	4	5
231	162	143	110	219	4	6
231	188	115	112	223	4	4
231	231	114	118	235	4	5
231	312	80	162	323	4	5
231	448	121	122	243	4	4
231	500	150	117	233	4	5
241	20	135	103	205	4	5
241	98	142	103	206	4	5
241	167	140	109	218	4	6
241	190	110	112	223	4	5
241	235	110	119	237	4	5
241	311	78	161	321	4	5
241	447	123	120	239	4	3
241	501	145	122	244	4	5
251	19	131	101	202	4	5
251	94	138	104	207	4	5
251	162	136	110	219	4	6
251	191	110	108	215	4	5
251	230	108	118	236	4	5
251	300	79	157	313	4	5
251	444	119	120	239	4	3
251	502	139	120	240	4	5
261	24	130	101	201	4	5
261	97	139	103	206	4	5
261	168	137	109	217	4	6
261	199	110	109	218	4	5
261	234	108	121	241	4	5
261	292	77	158	316	4	5
261	449	117	120	239	4	3
261	506	141	120	239	4	6
271	26	130	103	206	4	5
271	94	142	103	205	4	5
271	170	141	108	216	4	6
271	195	112	108	216	4	5
271	234	110	120	240	4	5
271	289	82	158	315	4	5
271	453	117	121	241	4	4
271	498	141	121	242	4	6
281	27	136	101	201	4	5
281	97	142	104	207	4	5
281	167	140	111	222	4	6
281	199	115	109	218	4	5
281	233	113	116	232	4	5
281	294	88	152	303	4	5
281	450	118	122	243	4	4
281	504	146	118	235	4	6
291	27	133	102	203	4	5
291	94	140	106	212	4	5
291	167	145	107	214	4	6
291	199	113	107	214	4	5
291	233	112	119	238	4	5
291	290	85	157	313	4	5
291	452	116	120	240	4	4
291	501	141	120	240	4	6
301	26	137	101	201	4	5
301	101	144	103	206	4	5
301	165	143	109	217	4	6
301	193	117	110	219	4	5
301	232	114	116	231	4	5
301	287	86	151	302	4	6
301	450	124	117	233	4	4
301	496	144	122	244	4	6
311	104	151	100	200	4	6
311	166	145	110	219	4	6
311	189	117	108	215	4	5
311	232	113	116	232	4	5
311	291	87	153	305	4	5
311	443	121	120	239	4	4
311	-63	97	258	515	5	1
311	-2	143	213	425	5	1
321	22	134	102	203	4	5
321	234	113	120	239	4	5
321	288	84	152	304	4	5
321	450	123	121	242	4	3
321	509	139	118	235	4	6
331	32	134	98	195	4	5
331	444	122	118	236	4	3
331	511	143	117	234	4	6
341	104	144	99	197	4	6
341	172	144	108	216	4	6
341	185	115	107	213	4	5
341	242	112	118	236	4	5
341	288	85	150	299	4	6
341	448	119	120	240	4	3
341	504	141	122	244	4	6
341	301	135	194	388	5	1
341	321	75	270	539	5	1
351	32	132	105	210	4	1
351	98	140	104	208	4	6
351	139	145	91	181	4	5
351	184	141	106	211	4	6
351	198	108	109	217	4	5
351	240	108	116	232	4	5
351	278	82	152	303	4	5
361	32	131	102	204	4	5
361	104	142	103	205	4	6
361	141	148	89	178	4	5
361	184	145	106	211	4	6
361	233	108	118	236	4	5
361	276	84	155	309	4	5
361	446	119	121	241	4	4
361	507	137	120	239	4	6
371	31	128	102	203	4	5
371	105	138	102	204	4	6
371	173	138	108	215	4	6
371	204	108	108	216	4	5
371	236	107	115	229	4	5
371	281	80	154	307	4	5
371	449	114	120	240	4	4
371	509	136	122	243	4	6
381	31	121	105	209	4	5
381	102	134	105	210	4	5
381	170	132	111	221	4	6
381	192	102	110	220	4	5
381	235	99	119	238	4	5
381	269	75	155	310	4	5
381	445	111	121	242	4	3
381	501	132	122	243	4	6
391	31	118	106	212	4	5
391	101	131	106	212	4	5
391	171	129	111	222	4	6
391	190	101	112	223	4	5
391	233	97	120	240	4	5
391	274	73	154	308	4	5
391	444	111	121	241	4	3
391	508	130	121	242	4	6
391	614	106	133	266	4	4
401	35	119	105	209	4	4
401	105	132	103	205	4	5
401	145	136	91	181	4	5
401	176	126	112	224	4	6
401	208	104	108	216	4	5
401	236	97	123	245	4	5
401	276	73	153	306	4	5
401	443	105	125	249	4	4
401	510	131	120	240	4	6
401	608	101	136	271	4	4
