001	20	127	137	274	4	1
001	146	127	130	259	4	6
001	275	119	116	232	4	5
001	453	128	110	220	4	7
001	567	128	109	217	4	5
001	485	128	102	203	4	5
011	6	128	136	272	4	1
011	133	120	135	269	4	5
011	263	116	118	235	4	5
011	446	129	108	216	4	7
011	479	130	102	203	4	5
011	565	122	112	223	4	5
021	3	123	136	271	4	1
021	259	109	120	240	4	5
021	447	124	111	222	4	7
021	483	129	102	204	4	5
021	561	121	111	221	4	5
031	16	120	137	274	4	1
031	126	126	129	258	4	5
031	252	110	121	241	4	5
031	443	126	112	223	4	7
031	484	127	103	205	4	4
031	567	119	112	223	4	5
041	7	120	142	283	4	1
041	122	126	130	260	4	5
041	237	114	120	239	4	5
041	453	122	103	206	4	6
041	563	120	118	235	4	5
051	1	120	139	277	4	1
051	115	122	133	265	4	6
051	227	111	121	242	4	5
051	442	118	112	224	4	6
051	475	128	102	203	4	5
051	559	117	112	224	4	5
061	4	120	137	273	4	8
061	97	119	132	263	4	7
061	221	113	117	234	4	5
061	439	124	108	216	4	6
061	473	128	103	206	4	5
061	558	117	113	225	4	5
071	-8	120	136	272	4	8
071	85	124	131	261	4	7
071	218	116	116	232	4	5
071	417	120	112	224	4	5
071	479	128	100	200	4	5
071	561	117	113	226	4	5
081	-2	118	138	276	4	8
081	93	121	133	266	4	7
081	200	111	122	243	4	5
081	416	124	107	214	4	5
081	471	136	98	195	4	4
081	557	121	111	221	4	5
091	-22	118	140	280	4	7
091	104	126	127	254	4	7
091	216	115	116	232	4	5
091	399	122	109	218	4	5
091	462	123	102	204	4	4
091	549	112	114	228	4	5
101	103	126	128	256	4	6
101	218	110	121	242	4	5
101	395	124	103	205	4	5
101	462	126	103	206	4	4
101	558	115	112	224	4	5
101	-28	124	137	273	4	8
111	91	124	132	263	4	7
111	209	111	120	239	4	5
111	375	121	104	208	4	5
111	459	122	103	206	4	5
111	557	113	112	224	4	5
121	83	123	132	263	4	7
121	216	111	120	239	4	5
121	371	121	111	222	4	5
121	452	120	104	207	4	5
121	562	113	113	225	4	5
131	67	123	135	269	4	7
131	216	108	123	246	4	5
131	358	120	109	218	4	5
131	441	123	101	201	4	5
131	561	116	109	217	4	6
141	60	122	136	271	4	7
141	218	109	121	241	4	5
141	358	120	110	219	4	5
141	431	124	103	206	4	5
141	562	115	113	225	4	6
151	56	122	138	275	4	7
151	207	111	120	240	4	5
151	354	123	113	225	4	5
151	416	132	98	196	4	5
151	559	118	113	226	4	6
161	68	122	136	272	4	7
161	219	117	123	246	4	5
161	353	125	108	216	4	5
161	406	127	103	205	4	5
161	563	120	112	223	4	6
171	68	122	137	274	4	7
171	208	113	122	244	4	5
171	333	120	115	230	4	5
171	394	133	108	215	4	5
171	553	124	110	220	4	5
181	65	122	138	275	4	7
181	198	113	123	245	4	5
181	333	120	115	229	4	5
181	387	129	102	204	4	5
181	553	123	109	218	4	5
191	52	117	142	284	4	7
191	193	111	124	247	4	5
191	321	118	113	225	4	5
191	372	130	102	204	4	5
191	548	117	110	219	4	5
201	45	117	144	288	4	7
201	194	108	126	251	4	5
201	315	116	119	237	4	5
201	364	126	103	206	4	5
201	538	118	109	218	4	5
211	48	119	141	282	4	7
211	193	109	124	248	4	5
211	306	115	118	235	4	5
211	357	127	103	206	4	5
211	532	116	109	218	4	5
221	43	117	144	288	4	7
221	305	114	119	238	4	6
221	360	122	108	215	4	5
221	528	119	112	224	4	5
221	105	79	249	497	5	1
231	38	112	146	292	4	7
231	199	108	124	247	4	6
231	514	116	113	225	4	5
231	274	84	237	473	5	1
241	30	119	144	287	4	7
241	189	106	126	252	4	5
241	298	115	120	239	4	6
241	367	126	103	206	4	5
241	514	118	113	225	4	5
241	397	92	208	416	5	1
251	31	114	144	288	4	7
251	196	107	125	249	4	5
251	304	115	117	233	4	6
251	361	123	105	210	4	5
251	519	114	110	220	4	5
251	518	92	206	412	5	1
261	26	115	145	290	4	7
261	190	107	123	245	4	5
261	299	115	119	238	4	6
261	359	125	103	206	4	5
261	518	116	111	221	4	5
271	34	117	142	284	4	7
271	194	107	127	254	4	5
271	304	116	119	238	4	7
271	354	119	109	218	4	5
271	518	113	114	228	4	6
271	627	132	105	209	4	5
281	30	115	146	291	4	7
281	199	101	127	254	4	5
281	307	115	116	232	4	7
281	356	121	104	207	4	5
281	518	109	115	230	4	6
291	36	119	140	279	4	7
291	193	108	123	245	4	5
291	309	117	117	233	4	7
291	357	122	107	213	4	4
291	520	116	113	225	4	6
301	30	123	143	285	4	7
301	195	111	125	249	4	5
301	305	122	117	234	4	7
301	353	123	107	213	4	4
301	512	118	115	229	4	6
301	622	137	105	209	4	5
311	31	126	141	282	4	7
311	194	113	124	247	4	5
311	305	124	116	231	4	7
311	353	130	107	213	4	4
311	510	125	111	221	4	6
311	624	139	105	210	4	5
321	189	114	122	244	4	5
321	303	117	120	239	4	7
321	354	127	106	212	4	4
321	514	125	113	225	4	6
321	626	138	103	206	4	5
331	39	118	143	285	4	7
331	312	118	117	233	4	6
331	356	129	104	208	4	4
331	525	125	113	225	4	6
331	623	138	104	207	4	5
341	39	124	140	280	4	7
341	203	108	127	253	4	5
341	307	118	118	235	4	6
341	358	127	108	215	4	4
341	532	124	113	225	4	6
341	628	141	104	207	4	5
351	34	121	142	283	4	7
351	210	115	121	241	4	6
351	310	119	120	239	4	7
351	363	125	108	215	4	4
351	526	117	114	228	4	5
361	29	120	146	291	4	7
361	201	111	121	242	4	5
361	309	117	120	239	4	6
361	356	128	106	212	4	4
361	524	116	113	226	4	5
371	40	129	138	276	4	7
371	200	113	123	246	4	5
371	301	120	117	233	4	6
371	361	130	104	207	4	4
371	516	118	112	224	4	5
371	625	134	104	208	4	5
381	48	123	142	283	4	7
381	205	114	125	249	4	5
381	305	120	119	238	4	6
381	357	129	108	215	4	4
381	521	119	109	218	4	6
381	630	137	101	202	4	5
391	35	121	145	289	4	7
391	198	110	127	253	4	5
391	304	117	120	239	4	7
391	362	127	105	209	4	4
391	522	124	110	220	4	6
391	623	134	106	212	4	5
401	35	120	143	285	4	7
401	192	109	125	250	4	5
401	303	115	119	237	4	7
401	361	130	101	202	4	4
401	520	126	108	215	4	6
401	628	135	102	204	4	5
411	43	119	141	282	4	6
411	201	113	122	243	4	5
411	304	113	120	239	4	7
411	360	123	107	213	4	4
411	525	130	104	207	4	6
411	626	135	102	204	4	5
421	42	116	143	285	4	6
421	308	115	119	238	4	7
421	361	122	109	217	4	4
421	527	128	107	213	4	6
421	626	135	106	212	4	5
431	29	117	139	278	4	6
431	197	106	124	248	4	5
431	309	111	120	239	4	7
431	361	123	105	210	4	5
441	18	116	142	283	4	6
441	193	109	124	247	4	5
441	308	113	119	238	4	7
441	366	120	107	214	4	4
441	524	117	110	220	4	6
451	5	113	143	286	4	6
451	196	107	128	255	4	5
451	303	113	117	234	4	7
451	361	123	110	219	4	4
451	520	113	113	225	4	6
461	-7	117	141	282	4	6
461	200	108	120	240	4	5
461	306	114	119	238	4	7
461	353	125	109	217	4	4
461	521	115	115	229	4	6
471	5	117	142	284	4	6
471	199	107	124	247	4	5
471	310	115	118	236	4	6
471	361	123	104	208	4	4
471	525	116	111	222	4	6
481	5	117	142	284	4	6
481	201	107	122	244	4	5
481	306	116	117	233	4	6
481	359	121	106	211	4	4
481	528	115	111	222	4	6
491	0	121	143	285	4	6
491	203	113	125	250	4	5
491	313	125	112	224	4	6
491	363	118	108	216	4	4
491	533	118	114	227	4	6
501	10	118	142	283	4	6
501	210	108	125	249	4	5
501	317	118	116	232	4	6
501	368	125	104	208	4	4
501	533	115	114	228	4	6
511	10	118	138	276	4	6
511	202	115	119	238	4	5
511	314	120	113	226	4	6
511	354	120	107	214	4	4
511	534	113	112	223	4	6
521	5	122	143	285	4	6
521	209	107	124	247	4	5
521	319	117	116	232	4	6
521	362	126	104	207	4	4
521	536	114	113	225	4	6
531	4	119	144	287	4	6
531	212	110	123	245	4	5
531	322	119	119	238	4	6
531	362	125	110	219	4	4
531	536	117	112	223	4	6
541	3	122	142	283	4	6
541	220	113	119	238	4	5
541	330	124	110	220	4	6
541	373	125	104	207	4	4
541	538	121	113	226	4	6
551	8	123	143	285	4	6
551	215	116	120	240	4	5
551	332	127	113	226	4	6
551	371	130	106	211	4	4
551	542	121	114	227	4	6
561	7	124	141	282	4	6
561	209	111	124	248	4	5
561	331	127	112	224	4	6
561	381	130	105	209	4	4
561	537	120	114	228	4	6
571	6	122	143	286	4	5
571	201	110	123	245	4	5
571	324	124	114	228	4	6
571	367	122	108	216	4	4
571	536	119	118	235	4	6
581	8	122	141	281	4	5
581	195	113	122	243	4	5
581	329	124	116	232	4	6
581	374	128	105	209	4	5
581	531	121	113	226	4	6
591	10	123	142	284	4	5
591	185	114	123	245	4	5
591	327	123	117	234	4	6
591	368	127	107	213	4	5
591	531	120	117	233	4	6
601	17	123	140	279	4	5
601	176	116	121	242	4	5
601	318	127	116	232	4	6
601	372	128	106	212	4	5
601	526	122	114	227	4	6
611	17	121	141	282	4	5
611	152	112	126	251	4	5
611	320	117	118	235	4	6
611	368	128	106	211	4	5
611	523	120	114	228	4	6
