001	88	174	53	106	4	8
001	126	178	51	102	4	6
001	154	173	53	106	4	5
001	185	168	58	115	4	7
001	220	177	54	107	4	6
001	284	166	59	117	4	6
001	345	179	55	110	4	5
001	380	159	66	131	4	5
001	434	166	64	128	4	5
001	603	178	64	127	4	5
011	84	160	51	102	4	8
011	128	162	51	102	4	6
011	153	159	52	104	4	5
011	183	151	56	112	4	6
011	220	168	50	99	4	7
011	277	153	57	113	4	6
011	339	165	53	105	4	5
011	376	143	66	131	4	5
011	432	151	64	127	4	5
011	587	164	63	126	4	5
021	122	150	50	100	4	6
021	149	147	52	104	4	5
021	74	151	48	96	4	8
021	211	149	53	106	4	6
021	270	139	58	115	4	6
021	330	151	54	108	4	5
021	363	128	67	134	4	5
021	422	138	65	129	4	5
021	567	147	66	131	4	5
031	82	136	53	105	4	8
031	122	140	52	103	4	6
031	151	140	51	102	4	5
031	176	135	55	109	4	6
031	216	140	54	107	4	6
031	275	133	56	111	4	6
031	335	146	53	105	4	5
031	355	124	66	131	4	5
031	425	132	65	129	4	5
031	561	142	65	129	4	5
041	86	143	49	98	4	8
041	130	144	50	100	4	6
041	156	140	53	106	4	5
041	174	130	58	116	4	6
041	222	143	51	102	4	6
041	282	132	59	117	4	5
041	337	147	53	105	4	5
041	352	122	66	131	4	5
041	425	132	64	128	4	5
041	562	144	63	125	4	5
041	631	143	68	135	4	5
051	81	142	50	100	4	8
051	125	146	49	97	4	6
051	170	135	56	112	4	7
051	214	145	53	105	4	6
051	277	135	57	113	4	6
051	345	123	66	132	4	5
051	419	132	63	125	4	5
051	331	150	52	103	4	5
051	559	147	61	122	4	5
051	619	143	67	133	4	5
061	124	130	50	99	4	6
061	162	117	56	111	4	7
061	215	133	50	99	4	6
061	275	119	58	115	4	6
061	325	133	53	106	4	5
061	343	106	68	135	4	5
061	409	119	64	127	4	5
061	549	128	64	127	4	5
061	610	131	65	130	4	5
071	276	126	57	113	4	6
071	216	137	51	102	4	6
071	168	126	56	111	4	7
071	125	134	51	101	4	6
071	326	140	53	105	4	6
071	350	113	67	134	4	5
071	410	123	64	127	4	5
071	545	136	63	126	4	5
071	611	137	65	130	4	5
081	147	129	58	115	4	7
081	193	141	52	104	4	6
081	254	130	57	113	4	6
081	304	146	52	104	4	5
081	329	122	65	129	4	5
081	381	131	63	126	4	5
081	522	141	63	126	4	5
081	582	142	67	133	4	5
091	197	170	51	102	4	6
091	256	159	57	114	4	6
091	306	170	53	106	4	5
091	333	152	63	125	4	5
091	380	156	64	128	4	5
091	520	170	63	126	4	5
091	579	169	66	132	4	5
101	207	160	51	102	4	6
101	145	157	52	103	4	6
101	266	148	58	115	4	6
101	319	164	52	103	4	5
101	346	143	64	128	4	5
101	393	148	65	129	4	5
101	528	162	62	123	4	5
101	578	158	67	133	4	5
111	139	150	52	103	4	6
111	163	141	58	115	4	7
111	204	154	52	104	4	6
111	264	147	56	111	4	6
111	315	157	53	106	4	5
111	341	137	64	127	4	5
111	389	144	63	126	4	6
111	526	157	62	124	4	5
111	574	155	66	131	4	5
121	139	151	53	106	4	7
121	202	159	52	103	4	7
121	266	148	57	113	4	6
121	315	161	53	105	4	5
121	338	138	65	130	4	5
121	385	147	63	125	4	7
121	525	159	62	124	4	5
121	574	156	66	131	4	5
131	179	151	56	111	4	7
131	216	163	52	103	4	6
131	279	153	56	112	4	6
131	330	166	52	104	4	5
131	350	144	64	128	4	5
131	399	151	63	125	4	7
131	455	156	63	125	4	5
131	540	163	63	125	4	6
131	596	162	65	129	4	6
141	167	158	56	112	4	7
141	208	173	50	99	4	6
141	273	158	57	114	4	6
141	322	174	52	103	4	5
141	341	149	65	129	4	5
141	379	155	64	127	4	7
141	443	157	65	129	4	5
141	535	169	63	125	4	6
141	587	167	65	130	4	6
151	116	154	54	107	4	6
151	161	150	56	111	4	7
151	205	160	52	104	4	6
151	268	151	56	112	4	6
151	313	163	53	105	4	5
151	333	141	65	129	4	5
151	371	149	64	127	4	7
151	431	151	64	127	4	5
151	529	161	64	128	4	6
151	579	161	64	128	4	6
151	637	162	67	133	4	5
161	167	147	57	113	4	7
161	209	163	50	100	4	6
161	267	149	58	115	4	6
161	317	165	52	104	4	5
161	336	142	65	129	4	5
161	376	146	65	129	4	7
161	429	152	64	127	4	5
161	535	161	63	126	4	6
161	584	160	65	129	4	6
161	639	162	65	130	4	5
171	219	167	51	102	4	7
171	279	157	57	113	4	6
171	329	170	51	102	4	5
171	350	147	65	129	4	5
171	389	156	62	124	4	7
171	440	156	65	130	4	5
171	547	166	64	128	4	6
171	595	170	63	125	4	6
181	216	174	49	98	4	7
181	274	161	58	115	4	6
181	320	173	54	107	4	5
181	345	155	63	126	4	5
181	384	160	63	125	4	7
181	432	166	62	124	4	5
181	538	173	62	123	4	6
181	586	174	65	129	4	6
191	224	163	50	99	4	7
191	280	149	58	116	4	6
191	333	166	52	103	4	5
191	353	143	64	128	4	6
191	394	151	62	123	4	7
191	442	152	64	127	4	5
191	545	161	63	125	4	6
191	605	160	65	129	4	6
201	228	151	51	102	4	6
201	288	140	57	114	4	6
201	335	157	51	101	4	5
201	357	132	66	132	4	5
201	403	141	62	124	4	7
201	451	147	62	123	4	5
201	545	153	62	124	4	6
201	601	149	66	132	4	6
211	227	158	53	106	4	6
211	285	150	57	113	4	6
211	338	165	53	105	4	5
211	357	140	66	131	4	5
211	405	148	62	124	4	7
211	452	151	63	126	4	5
211	536	165	59	118	4	6
211	604	161	65	129	4	6
221	222	162	52	104	4	7
221	280	153	57	113	4	6
221	330	169	51	101	4	5
221	356	146	64	127	4	5
221	396	153	62	123	4	7
221	449	154	65	130	4	6
221	530	167	60	119	4	6
221	599	162	65	130	4	6
231	186	145	57	114	4	7
231	160	153	52	103	4	7
231	231	161	50	100	4	6
231	290	150	56	112	4	6
231	334	164	52	103	4	5
231	363	144	63	125	4	5
231	403	149	62	124	4	7
231	454	153	64	127	4	5
231	530	160	61	122	4	6
231	599	158	67	133	4	6
241	162	152	51	101	4	7
241	227	157	52	104	4	6
241	288	147	57	114	4	6
241	334	161	52	104	4	5
241	359	137	65	130	4	5
241	403	144	64	127	4	7
241	449	151	63	125	4	6
241	526	157	63	126	4	6
241	589	154	68	135	4	6
251	231	161	50	100	4	6
251	292	147	57	114	4	6
251	337	163	52	103	4	5
251	361	138	66	132	4	5
251	407	146	63	125	4	7
251	454	152	63	126	4	5
251	532	162	61	122	4	6
251	591	161	62	124	4	6
261	225	163	50	99	4	6
261	283	147	58	116	4	6
261	335	165	51	102	4	5
261	356	143	65	129	4	5
261	402	150	62	124	4	7
261	451	153	64	127	4	6
261	531	163	62	123	4	6
261	576	163	63	125	4	6
271	219	166	51	102	4	6
271	279	157	57	114	4	6
271	329	170	52	104	4	5
271	353	150	63	125	4	5
271	395	157	62	124	4	7
271	443	161	62	124	4	5
271	524	167	62	123	4	6
271	571	165	66	132	4	6
281	188	151	57	113	4	7
281	231	165	52	103	4	6
281	296	155	57	113	4	6
281	340	168	52	103	4	5
281	367	145	64	128	4	6
281	410	152	62	124	4	7
281	457	157	64	127	4	6
281	539	166	62	124	4	6
281	590	164	65	130	4	6
291	184	143	56	111	4	7
291	224	153	51	102	4	6
291	290	142	58	115	4	6
291	331	158	53	105	4	5
291	361	137	64	127	4	6
291	402	141	63	126	4	7
291	450	146	64	128	4	6
291	533	155	63	125	4	7
291	588	156	63	125	4	6
301	229	154	53	105	4	6
301	292	145	58	116	4	6
301	335	153	56	111	4	5
301	363	136	66	131	4	5
301	404	145	62	124	4	7
301	456	147	65	130	4	6
301	536	157	63	125	4	6
301	587	154	66	132	4	6
311	239	159	51	102	4	7
311	302	147	59	117	4	6
311	347	157	56	112	4	5
311	371	137	66	131	4	5
311	409	144	66	132	4	7
311	462	151	64	127	4	6
311	544	162	62	123	4	6
311	599	158	66	131	4	6
321	220	157	52	103	4	6
321	281	147	57	114	4	6
321	326	160	54	107	4	5
321	349	139	65	130	4	5
321	393	146	64	127	4	7
321	441	149	65	129	4	6
321	523	157	64	127	4	6
321	578	161	63	125	4	6
331	227	167	50	99	4	6
331	290	153	57	113	4	6
331	363	143	65	130	4	5
331	334	168	52	103	4	5
331	403	153	63	126	4	7
331	452	157	64	128	4	6
331	532	169	61	122	4	6
331	586	168	62	123	4	6
341	237	164	50	100	4	6
341	296	152	56	111	4	6
341	340	165	52	103	4	5
341	368	143	65	130	4	5
341	409	150	63	126	4	7
341	456	153	65	130	4	6
341	540	162	63	126	4	6
341	591	162	65	129	4	6
351	237	165	52	103	4	6
351	300	151	57	113	4	6
351	348	164	54	108	4	5
351	374	142	65	129	4	5
351	413	150	63	126	4	7
351	460	152	66	131	4	6
351	545	163	63	126	4	6
351	595	158	68	136	4	6
361	234	166	50	100	4	6
361	298	155	57	113	4	6
361	342	164	55	109	4	5
361	367	145	65	129	4	5
361	410	153	63	125	4	7
361	463	157	64	127	4	6
361	541	164	62	123	4	6
361	601	167	64	128	4	6
371	226	160	51	101	4	6
371	290	147	57	114	4	6
371	337	164	52	103	4	5
371	360	141	64	127	4	5
371	404	148	63	126	4	7
371	453	151	64	127	4	6
371	534	160	63	125	4	6
371	585	158	65	130	4	6
381	248	165	50	99	4	6
381	312	153	56	111	4	6
381	359	168	51	102	4	5
381	383	142	65	129	4	5
381	422	149	64	128	4	7
381	476	153	65	129	4	6
381	557	164	63	125	4	6
381	611	163	63	126	4	6
391	239	170	51	101	4	6
391	302	160	57	114	4	6
391	349	173	54	107	4	5
391	372	152	66	131	4	5
391	417	160	61	122	4	7
391	464	162	64	127	4	6
391	545	178	59	117	4	6
391	600	171	65	130	4	6
401	245	168	51	102	4	6
401	307	156	58	116	4	6
401	352	170	55	109	4	6
401	381	150	64	128	4	5
401	416	154	65	129	4	7
401	469	163	62	124	4	6
401	557	172	60	120	4	6
401	607	170	64	127	4	6
411	236	171	52	104	4	6
411	301	163	57	114	4	6
411	345	176	54	107	4	5
411	375	156	63	126	4	5
411	413	158	65	130	4	7
411	466	165	63	126	4	6
411	544	174	62	124	4	6
411	598	175	64	127	4	6
421	237	167	52	104	4	6
421	301	157	57	114	4	6
421	348	170	52	104	4	5
421	373	149	65	129	4	5
421	413	157	63	125	4	7
421	465	159	64	127	4	6
421	548	170	60	120	4	6
421	601	169	63	125	4	6
431	240	156	53	105	4	6
431	304	150	57	114	4	6
431	352	161	54	108	4	5
431	378	139	65	129	4	6
431	416	144	65	129	4	7
431	466	151	63	126	4	6
431	548	158	63	126	4	6
431	601	159	66	131	4	6
441	240	167	51	102	4	6
441	301	158	58	115	4	6
441	351	167	53	106	4	5
441	374	148	66	131	4	5
441	416	153	65	129	4	7
441	464	158	64	128	4	6
441	544	169	62	124	4	6
441	599	166	67	133	4	6
451	226	170	52	104	4	6
451	284	162	58	116	4	6
451	331	178	54	107	4	5
451	357	155	65	129	4	5
451	398	164	62	124	4	7
451	443	167	64	128	4	6
451	527	177	62	124	4	6
451	587	176	65	129	4	6
461	224	167	53	106	4	6
461	286	160	57	114	4	6
461	332	175	52	103	4	5
461	353	153	68	136	4	6
461	400	158	65	129	4	7
461	447	162	65	130	4	6
461	533	174	60	120	4	6
461	587	175	62	124	4	6
471	234	166	49	98	4	6
471	294	155	57	113	4	6
471	345	169	53	105	4	5
471	367	149	63	125	4	5
471	407	152	64	127	4	7
471	457	157	66	131	4	6
471	536	165	63	126	4	6
471	590	169	63	126	4	6
481	238	169	52	103	4	6
481	298	154	58	115	4	6
481	350	174	51	102	4	5
481	375	153	63	126	4	5
481	412	155	66	131	4	7
481	463	162	65	129	4	6
481	547	173	61	122	4	6
481	596	175	63	126	4	6
491	235	162	52	104	4	6
491	294	152	58	115	4	6
491	336	164	56	111	4	5
491	366	146	64	128	4	5
491	406	151	62	124	4	7
491	456	155	64	128	4	6
491	537	162	64	128	4	6
491	589	160	66	131	4	6
501	246	164	52	104	4	6
501	112	162	50	99	4	7
501	309	154	57	114	4	6
501	385	146	67	133	4	6
501	352	168	54	108	4	6
501	417	154	64	128	4	7
501	468	152	69	138	4	6
501	174	161	52	104	4	7
501	553	169	62	124	4	6
501	600	165	66	132	4	6
511	85	153	51	101	4	7
511	167	152	54	108	4	7
511	232	153	56	111	4	6
511	298	149	58	116	4	6
511	346	162	53	106	4	6
511	370	141	67	134	4	6
511	411	148	66	131	4	7
511	461	150	67	133	4	6
511	541	162	63	125	4	6
511	594	163	64	128	4	6
521	86	153	50	99	4	7
521	164	150	51	102	4	7
521	236	156	52	103	4	6
521	298	149	56	111	4	6
521	347	162	53	105	4	6
521	368	141	65	130	4	6
521	408	144	65	130	4	7
521	458	149	65	129	4	6
521	538	164	61	121	4	6
521	595	161	64	128	4	6
531	91	159	50	99	4	7
531	170	156	52	104	4	6
531	197	154	55	109	4	7
531	238	160	53	105	4	6
531	302	154	56	112	4	6
531	354	168	52	104	4	6
531	380	148	63	125	4	6
531	418	151	64	127	4	7
531	464	156	65	129	4	6
531	546	167	61	122	4	6
531	599	168	63	125	4	6
541	90	162	51	101	4	7
541	171	159	53	105	4	6
541	198	153	57	114	4	7
541	242	159	56	112	4	6
541	300	154	59	117	4	6
541	351	167	53	106	4	6
541	375	151	64	128	4	6
541	416	156	62	124	4	7
541	467	155	65	130	4	6
541	545	165	63	125	4	5
541	601	171	64	127	4	6
551	98	165	49	98	4	7
551	165	160	52	104	4	6
551	193	149	58	115	4	7
551	241	164	51	101	4	6
551	303	156	56	111	4	6
551	349	170	53	105	4	5
551	373	145	65	130	4	6
551	416	153	64	128	4	7
551	475	155	64	128	4	6
551	547	163	64	127	4	5
551	602	163	66	131	4	6
561	100	172	48	96	4	7
561	164	167	50	100	4	7
561	191	155	58	115	4	7
561	240	172	51	101	4	6
561	303	162	56	112	4	6
561	355	172	52	104	4	5
561	376	151	66	132	4	5
561	423	160	63	125	4	7
561	463	153	69	138	4	6
561	549	172	64	127	4	5
561	599	172	65	130	4	6
571	81	162	49	97	4	7
571	230	165	52	103	4	6
571	289	149	59	117	4	6
571	337	164	54	108	4	5
571	366	145	64	128	4	5
571	407	150	63	126	4	7
571	461	157	64	127	4	6
571	531	159	65	129	4	5
571	590	165	65	129	4	6
581	86	160	48	96	4	7
581	230	163	51	102	4	6
581	293	152	57	114	4	6
581	342	166	52	104	4	5
581	365	143	65	130	4	5
581	408	153	61	122	4	7
581	469	149	69	137	4	6
581	535	172	58	115	4	5
581	591	168	63	126	4	6
591	73	164	48	96	4	6
591	215	159	52	103	4	6
591	280	150	58	115	4	6
591	326	165	52	103	4	5
591	353	142	65	130	4	5
591	392	147	64	127	4	7
591	525	166	61	121	4	5
591	579	162	63	126	4	6
601	60	176	47	94	4	7
601	153	157	58	116	4	7
601	207	164	56	112	4	6
601	269	161	58	115	4	6
601	317	175	54	107	4	5
601	339	151	67	133	4	5
601	382	162	63	126	4	7
601	515	175	61	122	4	5
601	563	172	66	131	4	6
611	81	171	49	97	4	7
611	224	171	50	100	4	6
611	284	159	58	116	4	5
611	328	172	55	109	4	5
611	352	150	68	136	4	5
611	396	158	64	127	4	7
611	529	172	63	126	4	5
611	574	170	66	131	4	6
621	99	171	49	98	4	7
621	213	172	51	102	4	7
621	302	157	60	119	4	6
621	243	174	49	97	4	6
621	348	172	54	108	4	5
621	377	153	66	132	4	6
621	417	158	66	132	4	7
621	546	177	61	122	4	5
621	601	173	66	131	4	6
631	88	157	48	96	4	7
631	234	159	50	99	4	6
631	297	150	57	113	4	6
631	346	160	52	104	4	5
631	372	143	64	128	4	5
631	405	148	62	124	4	7
631	541	161	62	124	4	5
631	594	159	65	129	4	6
641	94	186	48	96	4	6
641	239	188	49	97	4	5
641	300	179	56	112	4	6
641	351	191	52	103	4	5
641	369	168	69	137	4	6
641	413	176	63	126	4	7
641	541	190	62	123	4	5
641	588	186	66	131	4	6
651	95	165	46	92	4	7
651	230	156	56	112	4	6
651	301	153	56	112	4	6
651	348	161	53	105	4	5
651	373	148	63	125	4	6
651	407	147	64	128	4	7
651	546	162	63	126	4	5
661	92	166	43	85	4	7
661	220	158	51	101	4	6
661	297	145	58	115	4	5
661	342	154	55	109	4	5
661	362	138	65	130	4	5
661	402	142	66	131	4	7
661	538	159	60	119	4	5
661	589	155	64	128	4	6
671	90	169	44	87	4	7
671	214	165	47	94	4	6
671	284	147	61	121	4	6
671	338	160	54	107	4	5
671	361	138	67	134	4	5
671	402	149	63	126	4	7
671	541	162	61	122	4	5
671	586	164	63	126	4	6
681	91	178	46	91	4	7
681	214	177	49	97	4	6
681	296	165	57	113	4	6
681	347	174	54	108	4	5
681	357	155	66	131	4	5
681	407	161	63	126	4	7
681	545	175	62	124	4	5
681	598	176	63	126	4	6
691	98	165	49	98	4	7
691	215	165	52	103	4	6
691	294	156	56	112	4	6
691	346	172	51	102	4	5
691	241	163	52	104	4	6
691	363	154	59	118	4	5
691	411	154	64	128	4	7
691	551	171	60	120	4	5
691	593	163	66	132	4	6
691	469	163	62	123	4	8
701	76	150	48	95	4	6
701	201	152	50	100	4	6
701	229	147	52	104	4	6
701	285	141	56	111	4	6
701	332	155	52	104	4	5
701	340	126	68	135	4	5
701	392	138	64	128	4	7
701	459	152	58	116	4	7
701	528	146	66	131	4	5
701	581	151	65	129	4	6
711	150	150	54	107	4	7
711	206	158	51	101	4	6
711	237	157	53	105	4	6
711	90	155	49	98	4	7
711	284	151	56	112	4	6
711	342	140	65	130	4	6
711	399	148	64	128	4	7
711	453	159	60	120	4	8
711	534	167	60	119	4	5
711	588	164	63	126	4	6
721	102	160	50	100	4	7
721	161	150	55	109	4	7
721	218	163	50	100	4	6
721	248	158	51	101	4	6
721	289	145	60	119	4	6
721	359	139	66	132	4	6
721	412	147	65	130	4	7
721	466	162	58	115	4	8
721	545	156	66	132	4	5
721	593	158	67	133	4	6
731	110	161	48	96	4	7
731	159	147	56	111	4	7
731	229	165	48	95	4	6
731	246	157	52	103	4	6
731	296	148	57	113	4	6
731	363	135	68	136	4	5
731	418	146	65	129	4	7
731	468	157	61	121	4	7
731	557	160	61	122	4	5
731	606	160	63	126	4	6
741	86	171	50	99	4	7
741	206	179	45	90	4	7
741	226	171	49	98	4	6
741	274	157	56	112	4	6
741	343	148	67	133	4	5
741	398	152	64	128	4	7
741	450	166	61	121	4	7
741	533	169	64	127	4	5
741	583	169	66	131	4	6
751	93	185	46	92	4	7
751	210	183	47	94	4	7
751	232	173	54	107	4	6
751	286	170	57	114	4	6
751	351	157	66	132	4	6
751	409	169	64	127	4	7
751	459	180	57	114	4	7
751	535	178	62	123	4	5
751	593	181	64	128	4	6
761	96	196	47	93	4	6
761	206	195	49	98	4	7
761	228	188	53	105	4	6
761	285	179	57	114	4	6
761	353	169	67	133	4	6
761	406	177	64	128	4	7
761	460	190	61	121	4	7
761	543	190	62	123	4	5
761	596	186	67	134	4	6
771	99	193	46	92	4	7
771	205	189	51	102	4	7
771	230	182	54	107	4	5
771	288	178	57	114	4	6
771	349	189	55	110	4	5
771	349	169	66	131	4	5
771	411	174	67	133	4	7
771	465	197	56	112	4	7
771	540	194	61	121	4	5
771	595	187	65	129	4	6
781	103	180	50	100	4	7
781	203	184	49	97	4	7
781	228	176	52	103	4	5
781	285	168	57	114	4	6
781	344	186	53	105	4	5
781	357	163	65	129	4	5
781	415	167	65	130	4	7
781	464	177	61	122	4	7
781	543	182	62	124	4	5
781	593	178	66	131	4	6
791	88	178	48	95	4	7
791	187	172	50	100	4	7
791	210	174	50	100	4	5
791	271	163	56	111	4	6
791	337	150	68	135	4	5
791	399	161	64	127	4	7
791	450	173	57	114	4	7
791	525	174	62	124	4	5
791	576	170	66	131	4	6
801	215	169	50	99	4	5
801	190	170	50	99	4	7
801	158	158	54	108	4	7
801	90	170	49	97	4	7
801	265	157	56	112	4	6
801	331	173	54	107	4	5
801	343	148	65	130	4	5
801	398	158	62	124	4	7
801	454	168	59	118	4	7
801	527	168	63	125	4	5
801	584	166	64	128	4	6
811	104	172	48	96	4	7
811	163	158	55	109	4	7
811	270	156	58	115	4	6
811	204	183	42	83	4	6
811	225	168	49	98	4	5
811	344	172	52	104	4	5
811	352	149	66	131	4	5
811	409	156	63	126	4	7
811	466	169	58	116	4	7
811	539	167	64	128	4	5
811	593	164	67	134	4	6
821	210	175	46	91	4	6
821	262	154	59	118	4	6
821	348	168	53	106	4	5
821	352	139	71	141	4	5
821	414	151	65	130	4	7
821	464	164	62	123	4	7
821	537	163	63	126	4	5
821	596	162	66	131	4	6
821	101	169	48	95	4	7
831	85	183	46	91	4	7
831	182	183	48	96	4	6
831	235	168	57	114	4	6
831	320	180	54	108	4	5
831	338	167	63	125	4	5
831	395	168	64	127	4	7
831	447	177	60	120	4	7
831	523	178	65	129	4	5
831	578	179	63	125	4	6
841	111	182	48	95	4	7
841	211	178	51	101	4	7
841	255	164	58	116	4	6
841	348	178	55	109	4	5
841	363	158	66	131	4	5
841	423	168	63	126	4	7
841	470	177	60	120	4	7
841	548	178	62	124	4	5
841	601	174	67	133	4	6
851	201	182	51	101	4	6
851	111	185	45	90	4	7
851	254	160	60	120	4	6
851	350	180	55	110	4	5
851	363	163	65	130	4	5
851	421	165	65	129	4	7
851	475	175	63	125	4	7
851	549	178	65	130	4	5
851	601	176	69	137	4	6
861	102	174	48	96	4	7
861	192	173	50	100	4	7
861	252	163	56	112	4	6
861	338	177	53	106	4	5
861	355	153	67	133	4	6
861	412	160	65	130	4	8
861	467	164	65	129	4	7
861	539	173	63	126	4	5
861	593	172	66	132	4	6
871	125	178	49	97	4	6
871	209	177	50	100	4	6
871	276	164	59	117	4	6
871	357	181	54	107	4	5
871	375	162	66	131	4	6
871	435	169	65	129	4	8
871	489	172	63	126	4	8
871	566	179	63	125	4	5
871	611	181	65	129	4	6
881	124	181	48	96	4	7
881	275	169	57	113	4	6
881	352	181	55	110	4	6
881	371	159	68	136	4	6
881	432	168	64	127	4	8
881	491	171	65	130	4	6
881	559	172	69	138	4	6
881	612	178	67	133	4	6
891	129	185	45	90	4	7
891	214	181	49	97	4	6
891	274	166	56	111	4	6
891	355	182	52	104	4	6
891	372	155	68	135	4	5
891	435	168	63	126	4	8
891	496	168	64	128	4	6
891	563	178	64	128	4	5
891	613	171	69	137	4	6
901	120	182	47	94	4	7
901	263	170	57	113	4	6
901	344	179	55	109	4	6
901	368	157	67	134	4	6
901	425	171	64	127	4	8
901	487	169	66	132	4	6
901	547	181	65	129	4	6
901	614	180	66	131	4	6
911	113	177	48	96	4	7
911	271	168	55	110	4	6
911	340	178	55	110	4	6
911	366	158	69	137	4	6
911	415	163	67	134	4	8
911	486	169	65	130	4	6
911	560	185	60	119	4	6
911	614	178	65	129	4	6
921	132	185	46	92	4	7
921	214	185	47	93	4	6
921	275	172	55	110	4	6
921	354	180	57	113	4	6
921	380	165	66	132	4	6
921	429	172	62	124	4	8
921	498	171	67	133	4	6
921	570	185	63	126	4	6
921	633	186	65	129	4	6
931	119	181	48	96	4	7
931	269	165	58	116	4	6
931	332	180	57	113	4	6
931	360	158	69	138	4	6
931	421	169	65	130	4	8
931	489	171	66	131	4	7
931	561	180	63	126	4	6
931	620	179	65	130	4	6
941	106	183	48	96	4	7
941	204	186	48	95	4	6
941	222	178	52	104	4	6
941	258	172	55	109	4	6
941	329	184	52	104	4	6
941	370	164	65	130	4	6
941	416	174	62	123	4	8
941	482	171	65	130	4	7
941	551	178	65	130	4	6
941	615	184	65	129	4	6
951	110	188	46	91	4	7
951	196	190	46	91	4	6
951	224	182	48	95	4	5
951	266	171	57	113	4	6
951	332	184	52	104	4	6
951	361	161	66	132	4	6
951	421	173	61	122	4	8
951	492	178	61	121	4	7
951	548	185	61	121	4	6
951	612	185	65	130	4	6
961	106	188	46	91	4	7
961	198	179	52	103	4	6
961	212	177	52	104	4	5
961	249	167	59	117	4	6
961	325	188	53	105	4	6
961	365	163	64	128	4	6
961	413	169	64	127	4	8
961	476	174	65	129	4	6
961	546	185	61	121	4	6
961	614	186	63	125	4	6
971	108	186	47	93	4	7
971	193	178	52	104	4	6
971	253	171	58	116	4	6
971	326	180	55	110	4	6
971	363	161	67	133	4	6
971	416	167	66	132	4	8
971	477	170	68	136	4	8
971	542	181	64	128	4	6
971	608	182	65	129	4	6
981	125	189	47	94	4	7
981	270	174	55	110	4	6
981	342	186	53	105	4	6
981	377	161	66	132	4	7
981	432	170	64	128	4	8
981	492	175	64	127	4	6
981	556	184	64	128	4	6
981	620	184	64	128	4	6
991	96	181	46	92	4	7
991	189	179	51	101	4	6
991	243	162	59	117	4	6
991	317	179	53	105	4	6
991	352	161	64	128	4	6
991	400	164	64	128	4	8
991	462	169	65	129	4	6
991	531	179	64	127	4	6
991	559	178	64	127	5	1
991	598	177	67	134	4	6
1001	107	192	46	91	4	7
1001	193	188	50	99	4	6
1001	256	174	58	116	4	6
1001	329	186	53	106	4	6
1001	363	167	63	126	4	7
1001	417	173	67	133	4	8
1001	483	177	64	127	4	6
1001	546	185	64	128	4	6
1001	609	186	65	129	4	6
1011	607	181	64	127	4	6
1011	541	180	62	123	4	6
1011	475	166	67	133	4	7
1011	402	167	64	127	4	7
1011	358	157	67	134	4	6
1011	322	184	52	104	4	6
1011	252	173	53	106	4	6
1011	201	179	49	97	4	6
1011	216	172	53	105	4	6
1021	257	166	58	115	4	6
1021	205	187	47	93	4	6
1021	322	177	57	114	4	6
1021	359	161	67	133	4	6
1021	407	169	63	126	4	7
1021	475	174	63	125	4	7
1021	539	183	65	130	4	6
1021	606	181	68	135	4	6
1031	206	187	52	103	4	6
1031	265	176	57	114	4	6
1031	328	191	53	105	4	6
1031	368	170	65	129	4	7
1031	406	177	64	128	4	7
1031	483	179	66	132	4	7
1031	557	192	61	121	4	6
1031	621	186	66	131	4	6
1041	196	195	47	93	4	6
1041	215	186	51	101	4	6
1041	250	175	59	117	4	6
1041	325	193	51	102	4	6
1041	363	175	63	125	4	7
1041	406	178	64	128	4	7
1041	478	183	64	127	4	7
1041	538	191	62	123	4	6
1041	600	190	65	129	4	6
1051	104	192	50	100	4	7
1051	194	191	49	98	4	6
1051	258	180	55	110	4	6
1051	317	185	56	112	4	6
1051	357	171	64	127	4	7
1051	408	177	64	127	4	7
1051	470	184	65	129	4	7
1051	536	183	68	135	4	6
1051	605	188	65	129	4	6
1061	100	193	46	92	4	7
1061	249	181	58	115	4	6
1061	318	193	53	106	4	6
1061	354	172	65	130	4	7
1061	414	180	62	123	4	7
1061	471	183	62	124	4	7
1061	539	194	61	121	4	6
1061	598	191	65	129	4	6
1071	91	192	47	94	4	7
1071	182	188	50	100	4	6
1071	247	182	54	107	4	6
1071	314	185	54	108	4	6
1071	346	164	67	133	4	7
1071	415	176	62	123	4	7
1071	467	175	65	130	4	7
1071	537	187	62	124	4	6
1071	595	187	66	132	4	6
1081	96	189	50	100	4	7
1081	188	194	49	97	4	6
1081	252	176	56	112	4	6
1081	323	193	52	104	4	6
1081	356	170	64	128	4	6
1081	418	182	60	119	4	7
1081	465	183	63	125	4	6
1081	536	193	60	120	4	6
1081	597	188	67	134	4	6
1091	94	182	47	94	4	7
1091	177	178	53	106	4	6
1091	239	166	58	116	4	6
1091	306	182	55	109	4	6
1091	344	159	70	139	4	6
1091	414	171	61	122	4	6
1091	451	180	61	122	4	6
1091	537	183	62	124	4	6
1091	588	181	66	132	4	6
1101	101	177	48	96	4	7
1101	250	164	57	114	4	6
1101	321	179	53	106	4	6
1101	353	156	66	132	4	7
1101	422	166	63	125	4	7
1101	450	168	65	130	4	6
1101	548	180	62	124	4	6
1101	590	174	68	136	4	6
1111	257	161	56	112	4	6
1111	203	175	49	97	4	6
1111	111	174	50	99	4	6
1111	328	174	54	108	4	6
1111	358	154	66	132	4	7
1111	422	164	62	123	4	6
1111	450	163	64	128	4	6
1111	553	173	64	127	4	6
1111	600	174	64	128	4	6
1121	101	182	46	91	4	6
1121	199	179	50	99	4	6
1121	258	165	58	116	4	6
1121	326	184	52	103	4	6
1121	363	153	70	139	4	6
1121	423	168	63	126	4	7
1121	443	173	63	126	4	6
1121	549	180	62	123	4	6
1121	594	179	67	133	4	6
1131	91	185	47	93	4	6
1131	199	180	53	105	4	6
1131	252	171	56	112	4	6
1131	324	184	53	106	4	6
1131	357	161	66	132	4	6
1131	414	173	63	126	4	7
1131	429	167	66	132	4	6
1131	588	179	66	132	4	5
1141	87	184	47	94	4	6
1141	196	186	51	101	4	6
1141	257	170	58	115	4	6
1141	326	180	56	112	4	6
1141	363	165	64	127	4	6
1141	408	172	64	127	4	6
1141	427	173	64	128	4	7
1141	583	181	66	132	4	6
1151	199	182	51	101	4	6
1151	252	168	58	116	4	6
1151	327	181	56	111	4	6
1151	361	161	65	129	4	7
1151	414	172	64	127	4	7
1151	572	176	66	131	4	6
1161	258	167	58	116	4	6
1161	327	187	53	105	4	6
1161	358	163	65	130	4	7
1161	416	170	66	132	4	7
1161	576	184	64	128	4	6
1171	254	169	57	113	4	6
1171	321	187	51	101	4	6
1171	359	166	65	130	4	7
1171	412	167	67	134	4	6
1171	563	177	67	133	4	6
1181	256	171	56	111	4	6
1181	328	180	54	108	4	6
1181	360	162	64	128	4	6
1181	414	167	66	131	4	6
1181	554	175	65	129	4	6
1191	261	172	56	111	4	6
1191	329	184	55	109	4	6
1191	357	159	67	133	4	6
1191	419	172	62	123	4	6
1191	486	182	59	118	4	6
1191	541	179	63	125	4	6
1201	260	164	58	115	4	6
1201	337	173	56	111	4	6
1201	364	152	69	137	4	6
1201	421	166	64	127	4	6
1201	491	177	62	124	4	6
1201	550	169	65	130	4	6
1211	265	173	55	110	4	6
1211	339	187	52	104	4	5
1211	365	162	66	132	4	6
1211	424	173	63	126	4	6
1211	489	184	59	117	4	6
1211	548	183	61	121	4	6
1211	639	187	66	131	4	6
1221	281	168	58	116	4	6
1221	352	185	52	104	4	5
1221	377	160	68	135	4	6
1221	433	171	62	124	4	6
1221	500	177	63	126	4	6
1221	568	179	62	124	4	6
1231	257	171	58	115	4	6
1231	336	188	53	106	4	5
1231	371	163	67	133	4	6
1231	419	170	63	126	4	6
1231	492	185	60	120	4	6
1231	554	185	61	122	4	6
1231	636	185	64	128	4	6
1241	233	164	56	112	4	6
1241	323	177	53	105	4	5
1241	355	152	67	134	4	6
1241	407	165	62	124	4	6
1241	482	173	60	120	4	6
1241	536	176	60	120	4	6
1241	606	175	66	131	4	6
1251	249	163	58	115	4	6
1251	352	178	51	102	4	5
1251	381	153	66	131	4	6
1251	436	165	61	122	4	6
1251	498	177	58	116	4	5
1251	557	169	63	126	4	6
1251	627	173	65	129	4	7
1261	241	171	55	109	4	6
1261	332	182	54	107	4	6
1261	357	158	66	132	4	6
1261	418	173	62	123	4	6
1261	486	181	60	120	4	5
1261	547	180	61	121	4	5
1261	602	182	66	131	4	6
1271	123	178	52	103	4	5
1271	339	184	55	110	4	5
1271	376	164	67	134	4	6
1271	423	176	61	122	4	6
1271	498	183	63	125	4	5
1271	552	183	65	129	4	5
1271	608	183	66	132	4	5
1281	129	163	54	107	4	6
1281	341	175	52	104	4	6
1281	373	150	67	133	4	7
1281	432	160	63	125	4	6
1281	503	168	62	123	4	5
1281	564	171	62	124	4	5
1281	613	170	66	131	4	5
1291	113	168	54	107	4	6
1291	333	178	54	108	4	6
1291	364	152	66	132	4	7
1291	423	166	63	125	4	6
1291	491	176	61	121	4	5
1291	547	173	62	123	4	5
1291	603	173	64	128	4	5
1301	102	166	53	105	4	6
1301	329	173	54	108	4	6
1301	357	151	66	132	4	7
1301	422	164	61	122	4	6
1301	487	177	58	116	4	5
1301	547	175	61	121	4	5
1301	603	171	65	130	4	5
1311	88	168	54	108	4	6
1311	318	174	55	110	4	6
1311	343	153	67	134	4	6
1311	413	165	65	129	4	6
1311	478	178	59	117	4	5
1311	539	173	62	124	4	5
1311	592	179	62	124	4	5
1321	81	169	52	103	4	7
1321	312	175	52	103	4	5
1321	329	154	65	129	4	6
1321	409	166	62	123	4	6
1321	476	170	63	125	4	5
1321	534	170	63	126	4	5
1321	581	167	68	135	4	5
1331	306	176	52	103	4	6
1331	335	155	64	127	4	6
1331	409	165	63	125	4	6
1331	481	172	60	119	4	5
1331	540	172	61	122	4	5
1331	586	174	64	127	4	5
1341	287	176	51	102	4	6
1341	326	148	67	134	4	5
1341	401	163	62	124	4	6
1341	480	172	62	124	4	5
1341	540	172	62	123	4	5
1341	584	168	67	133	4	5
1351	277	179	52	104	4	5
1351	334	158	66	131	4	6
1351	397	169	62	124	4	6
1351	417	165	64	128	4	6
1351	487	180	59	118	4	5
1351	596	176	66	132	4	5
1361	270	181	51	101	4	5
1361	336	162	63	125	4	6
1361	398	170	61	122	4	6
1361	424	164	63	126	4	6
1361	492	175	63	125	4	5
1361	545	180	61	122	4	6
1361	599	178	64	128	4	5
1371	210	169	54	108	4	6
1371	260	176	52	104	4	5
1371	328	158	64	127	4	5
1371	389	165	62	124	4	6
1371	417	171	60	119	4	6
1371	494	176	60	120	4	5
1371	545	172	64	127	4	6
1371	595	179	64	127	4	5
1381	255	174	52	104	4	5
1381	312	158	64	127	4	6
1381	375	161	64	127	4	6
1381	393	163	66	131	4	6
1381	485	176	60	119	4	5
1381	539	176	62	123	4	6
1381	589	176	66	132	4	5
1391	244	176	55	109	4	6
1391	303	156	65	130	4	6
1391	370	166	65	130	4	6
1391	486	180	60	120	4	5
1391	584	181	66	131	4	5
1401	246	185	50	99	4	6
1401	308	162	62	124	4	6
1401	363	170	61	121	4	6
1401	389	173	63	125	4	6
1401	483	181	61	122	4	5
1401	596	185	63	126	4	5
1411	232	171	55	109	4	6
1411	292	155	62	124	4	6
1411	350	166	60	120	4	6
1411	373	164	64	127	4	6
1411	464	172	61	122	4	6
1411	584	178	65	130	4	5
1421	244	178	54	107	4	6
1421	295	160	62	123	4	6
1421	347	168	60	120	4	5
1421	376	173	58	116	4	6
1421	460	179	60	119	4	5
1421	590	180	63	125	4	5
1431	243	177	49	97	4	6
1431	294	155	61	122	4	5
1431	338	163	59	118	4	5
1431	370	162	60	119	4	6
1431	459	175	59	117	4	5
1431	597	175	64	128	4	5
1441	239	174	54	107	4	6
1441	293	159	61	122	4	6
1441	336	166	61	121	4	6
1441	363	167	63	126	4	7
1441	453	176	60	120	4	5
1441	600	182	62	123	4	4
1451	236	178	50	99	4	6
1451	170	175	47	94	4	5
1451	284	154	63	125	4	6
1451	320	161	60	119	4	6
1451	350	161	62	124	4	6
1451	439	171	61	122	4	5
1451	591	172	66	131	4	5
1461	167	180	50	100	4	5
1461	235	180	51	101	4	6
1461	275	158	63	126	4	6
1461	313	166	61	121	4	6
1461	341	166	62	124	4	6
1461	428	179	58	116	4	5
1461	592	180	64	128	4	5
1471	206	172	54	108	4	6
1471	175	178	49	98	4	5
1471	236	178	53	105	4	6
1471	270	155	63	126	4	6
1471	305	164	60	120	4	6
1471	345	170	60	120	4	6
1471	425	179	57	114	4	6
1471	600	173	66	132	4	5
1481	178	177	49	98	4	5
1481	235	180	49	97	4	5
1481	259	151	66	132	4	6
1481	307	165	59	117	4	6
1481	345	162	63	126	4	6
1481	414	168	62	123	4	6
1481	494	176	58	116	4	6
1481	599	177	66	131	4	5
1481	625	167	72	143	5	6
1491	601	182	68	136	5	6
1491	479	180	62	124	4	6
1491	403	175	62	124	4	6
1491	338	172	59	118	4	6
1491	292	168	64	128	4	6
1491	256	162	64	128	4	5
1491	228	178	55	110	4	5
1491	163	180	51	102	4	5
1501	169	179	51	101	4	5
1501	233	178	53	105	4	5
1501	257	159	63	125	4	5
1501	310	168	60	120	4	6
1501	350	174	62	124	4	6
1501	412	182	59	117	4	6
1501	477	175	57	114	4	6
1501	601	178	65	130	4	5
1501	586	179	68	135	5	6
1511	575	178	65	130	5	6
1511	607	176	67	133	4	5
1511	468	176	59	117	4	6
1511	406	175	58	115	4	6
1511	354	165	60	120	4	6
1511	308	163	60	119	4	6
1511	263	157	62	124	4	6
1511	242	182	48	96	4	6
1511	179	175	49	97	4	5
1521	141	178	49	98	4	7
1521	181	173	55	110	4	5
1521	247	181	50	100	4	6
1521	266	153	65	129	4	6
1521	310	167	60	120	4	6
1521	364	167	61	122	4	6
1521	402	172	60	119	4	6
1521	471	171	63	125	4	6
1521	566	173	67	134	5	6
1521	606	175	64	128	4	5
1531	242	179	51	102	4	6
1531	179	174	52	103	4	5
1531	273	162	61	122	4	6
1531	308	164	61	122	4	6
1531	367	169	59	117	4	6
1531	406	177	59	118	4	6
1531	461	172	64	128	4	6
1531	552	177	66	131	5	6
1531	598	176	65	130	4	5
1541	169	170	51	102	4	5
1541	139	173	48	96	4	7
1541	241	176	49	98	4	6
1541	263	146	66	132	4	6
1541	304	155	60	120	4	6
1541	349	161	61	121	4	6
1541	400	171	57	114	4	6
1541	461	170	58	115	4	6
1541	594	177	61	122	4	6
1551	579	179	63	126	4	6
1551	461	171	62	123	4	6
1551	412	177	56	112	4	6
1551	359	170	56	111	4	6
1551	312	162	61	121	4	6
1551	270	156	63	125	4	6
1551	240	180	50	99	4	6
1551	151	182	47	93	4	7
1551	179	171	53	106	4	5
1561	133	177	52	103	4	7
1561	172	176	50	100	4	5
1561	239	182	51	102	4	6
1561	265	159	63	126	4	6
1561	311	169	57	114	4	6
1561	348	167	62	124	4	6
1561	403	180	57	113	4	6
1561	451	174	61	121	4	6
1561	567	175	67	133	4	6
1571	155	178	46	91	4	7
1571	185	174	48	96	4	5
1571	252	179	48	96	4	6
1571	274	158	62	123	4	6
1571	325	167	58	116	4	6
1571	361	166	60	120	4	6
1571	413	172	58	115	4	6
1571	448	169	63	125	4	6
1571	565	176	63	125	4	6
1581	149	179	51	101	4	7
1581	188	179	49	98	4	5
1581	278	160	63	125	4	6
1581	328	165	59	118	4	6
1581	359	165	63	125	4	6
1581	410	175	60	119	4	6
1581	451	173	62	123	4	6
1581	501	174	64	128	4	7
1581	564	178	63	126	4	5
1591	248	186	50	100	4	6
1591	274	160	65	130	4	6
1591	321	168	61	122	4	6
1591	361	175	60	119	4	6
1591	411	183	57	113	4	6
1591	437	175	62	124	4	6
1591	491	179	65	129	4	7
1591	557	183	63	125	4	6
1591	633	193	61	121	4	5
1601	334	168	60	120	4	6
1601	279	161	62	123	4	6
1601	257	188	50	100	4	6
1601	370	175	59	117	4	6
1601	426	180	58	115	4	6
1601	460	176	62	124	4	6
1601	498	178	64	127	4	7
1601	641	190	62	123	4	5
1611	246	182	54	107	4	6
1611	268	160	65	130	4	6
1611	322	172	59	117	4	6
1611	361	174	60	119	4	6
1611	419	184	56	112	4	6
1611	451	178	62	123	4	6
1611	487	182	61	122	4	7
1611	614	193	62	123	4	6
1621	615	189	62	123	4	6
1621	494	177	63	126	4	7
1621	459	174	61	121	4	6
1621	412	178	59	117	4	6
1621	360	168	61	122	4	6
1621	320	164	61	121	4	6
1621	272	160	62	123	4	6
1631	269	169	60	120	4	6
1631	180	185	51	101	4	5
1631	144	182	53	105	4	7
1631	247	189	51	102	4	6
1631	320	173	60	120	4	6
1631	357	175	60	120	4	6
1631	406	186	57	113	4	6
1631	464	182	61	122	4	6
1631	498	182	63	125	4	7
1631	594	193	64	128	4	5
1641	619	187	68	135	4	5
1641	233	181	54	108	4	6
1641	269	202	44	87	4	5
1641	283	170	62	124	4	6
1641	333	177	61	121	4	6
1641	372	181	60	119	4	6
1641	422	185	60	120	4	6
1641	479	185	61	122	4	6
1651	247	180	53	106	4	6
1651	271	161	63	126	4	6
1651	318	171	61	121	4	6
1651	358	173	59	118	4	6
1651	412	177	60	119	4	6
1651	459	177	65	130	4	6
1651	601	186	66	132	4	5
1651	627	190	65	129	4	6
1661	176	174	52	104	4	5
1661	249	179	51	101	4	6
1661	272	156	65	129	4	6
1661	322	166	59	118	4	6
1661	359	172	59	117	4	6
1661	412	179	57	114	4	6
1661	455	174	63	126	4	6
1661	612	191	61	121	4	5
1661	633	188	66	132	4	6
1671	173	182	50	99	4	5
1671	241	184	52	104	4	6
1671	264	164	61	122	4	6
1671	321	170	59	117	4	6
1671	362	175	59	118	4	6
1671	404	182	60	119	4	6
1671	446	182	62	124	4	6
1671	598	196	61	121	4	5
1671	629	192	64	127	4	6
1681	173	180	46	91	4	5
1681	137	178	51	102	4	7
1681	243	189	46	92	4	6
1681	260	159	63	126	4	6
1681	310	167	61	121	4	6
1681	352	176	59	117	4	6
1681	400	176	60	119	4	6
1681	443	175	62	124	4	6
1681	589	181	65	130	4	5
1681	627	191	62	124	4	6
1691	137	181	48	95	4	7
1691	171	171	52	104	4	5
1691	237	177	52	104	4	6
1691	260	158	64	127	4	6
1691	309	164	61	121	4	6
1691	355	169	62	123	4	6
1691	402	173	61	121	4	6
1691	446	176	60	120	4	6
1691	495	177	64	128	4	7
1691	599	192	59	118	4	5
1691	619	184	65	129	4	6
1701	621	184	68	136	4	7
1701	591	188	62	124	4	5
1701	482	180	65	129	4	7
1701	439	179	60	120	4	6
1701	406	176	60	119	4	6
1701	355	171	60	120	4	6
1701	316	164	62	123	4	6
1701	268	158	65	129	4	6
1701	244	184	51	102	4	6
1701	177	178	49	98	4	5
1711	176	183	50	100	4	5
1711	240	191	50	100	4	6
1711	260	164	64	127	4	6
1711	310	172	61	122	4	6
1711	357	176	61	122	4	6
1711	404	187	57	113	4	6
1711	436	184	62	124	4	6
1711	477	184	64	128	4	7
1711	588	198	59	118	4	6
1721	232	184	52	104	4	5
1721	138	182	48	96	4	7
1721	172	181	50	100	4	5
1721	270	167	61	121	4	6
1721	309	169	62	123	4	6
1721	350	176	58	116	4	6
1721	404	181	59	118	4	6
1721	435	178	64	128	4	6
1721	469	187	61	121	4	7
1721	582	198	60	119	4	6
1721	603	191	65	129	4	7
1731	243	186	49	98	4	6
1731	263	166	61	121	4	6
1731	318	171	61	121	4	6
1731	350	177	59	117	4	6
1731	410	185	59	117	4	6
1731	446	180	62	123	4	6
1731	472	182	65	130	4	7
1731	601	181	69	138	4	7
1731	587	200	56	111	4	6
1741	255	185	52	103	4	6
1741	273	164	62	123	4	6
1741	327	169	60	119	4	6
1741	351	171	62	124	4	6
1741	424	182	59	117	4	6
1741	457	182	61	121	4	6
1741	487	183	65	130	4	7
1741	585	196	59	118	4	6
1741	611	188	65	130	4	7
1751	270	169	61	121	4	6
1751	238	186	51	102	4	6
1751	177	181	53	106	4	5
1751	141	184	51	102	4	7
1751	316	174	60	119	4	7
1751	336	172	64	127	4	6
1751	404	184	60	120	4	6
1751	447	183	63	126	4	6
1751	467	185	65	130	4	7
1751	570	199	60	120	4	6
1751	602	190	67	134	4	7
1761	150	188	48	96	4	7
1761	188	184	49	97	4	5
1761	254	189	50	99	4	6
1761	276	168	62	123	4	6
1761	328	173	60	120	4	7
1761	346	170	64	128	4	7
1761	422	187	58	115	4	6
1761	476	186	61	122	4	7
1761	578	197	61	121	4	5
1761	611	185	70	139	4	7
1771	614	199	65	129	4	7
1771	581	202	60	120	4	5
1771	486	191	63	126	4	7
1771	426	186	60	120	4	6
1771	350	182	61	122	4	6
1771	330	176	63	126	4	6
1771	281	171	62	124	4	6
1771	260	191	52	103	4	6
1771	189	183	53	106	4	5
1771	161	191	49	97	4	7
1781	139	185	51	101	4	7
1781	177	184	51	101	4	5
1781	247	186	53	105	4	7
1781	267	167	62	123	4	6
1781	311	178	59	118	4	7
1781	337	175	62	124	4	7
1781	410	186	59	118	4	6
1781	448	185	62	123	4	6
1781	474	186	64	128	4	7
1781	576	198	59	118	4	6
1781	603	191	65	129	4	7
1791	187	184	50	99	4	5
1791	148	184	48	96	4	7
1791	253	192	49	98	4	5
1791	266	163	64	128	4	6
1791	326	174	59	118	4	6
1791	344	178	58	116	4	6
1791	415	193	54	107	4	6
1791	453	188	56	112	4	6
1791	477	184	64	127	4	7
1791	582	197	60	119	4	5
1791	618	193	64	127	4	7
1801	185	189	48	95	4	5
1801	142	186	50	99	4	7
1801	246	191	50	99	4	6
1801	277	184	54	107	4	6
1801	316	178	59	118	4	6
1801	344	171	63	126	4	6
1801	411	185	59	117	4	6
1801	451	186	61	122	4	6
1801	471	181	68	135	4	7
1801	569	204	58	116	4	5
1801	606	195	66	132	4	7
